1560002496314.226
1560002501336.7695
1560002506351.811
1560002511383.2466
1560002516405.2783
1560002521417.9822
1560002526456.0264
1560061944529.4365
1560061949554.4688
1560061954574.617
1560061959589.436
1560061964614.666
1560061969632.665
1560061974672.7185
1560061979684.7686
1560061984718.4622
1560061989758.1675
1560061994772.8694
1560061999810.075
1560062004822.2256
1560062009839.322
1560062014871.2004
1560062019909.2913
1560062024931.327
1560062122847.441
1560062127861.6687
1560062132889.5378
1560062137905.79
1560062142923.1196
1560062147940.9348
1560062152974.7368
1560062157986.7417
1560062163016.8884
1560062168059.924
1560062173097.654
1560062178123.665
1560062183141.9543
1560062188163.3823
1560062193211.7083
1560062198231.7888
1560062203243.4546
1560062208279.5605
1560062213305.6433
1560062233769.3267
1560062238811.3367
1560062246482.9197
1560062258054.4553
1560062263074.9172
1560062275701.3098
1560062289380.021
1560062294413.542
1560062330206.2668
1560062333531.258
1560062336865.0347
1560062340204.6548
1560062345231.1162
1560062350274.6733
1560062355305.7236
1560062360322.9036
1560062365364.8428
1560062370377.0718
1560062375412.1077
1560062380457.7078
1560062385492.4502
1560062395458.297
1560062405397.746
1560062828874.67
1560062833888.121
1560062843852.1917
1560062877326.2412
1560062880657.6582
1560062883997.2583
1560062889024.0852
1560062894036.5073
1560062899050.634
1560062909001.1538
1560062918965.6074
1560062953940.8325
1560062957277.8643
1560062960606.0474
1560062965621.8237
1560062970664.3516
1560062975680.0615
1560062985644.1775
1560062988990.7808
1560062992328.1458
1560062995653.328
1560062998974.5027
1560063004010.4575
1560063009027.962
1560063014053.8381
1560063023995.7915
1560063027339.2375
1560063030671.9062
1560063033993.8608
1560063037316.7913
1560063040667.4377
1560063045697.8845
1560063050740.5256
1560063055758.4448
1560063065698.004
1560063069051.9307
1560063072382.4094
1560063075703.9414
1560063079049.3318
1560063084084.9016
1560063089104.863
1560063094122.1184
1560063104085.5662
1560063107409.2283
1560063110748.7068
1560063114073.9607
1560063117412.5654
1560063120753.9338
1560063125794.2815
1560063130817.5059
1560063135856.3618
1560063145818.6675
1560063149147.691
1560063152491.293
1560063155817.6948
1560063159149.2732
1560063164162.0444
1560063169206.2368
1560063174222.32
1560063184166.105
1560063187517.1392
1560063190844.767
1560063194176.516
1560063197512.589
1560063200848.6597
1560063205872.1511
1560063210885.5903
1560063215900.6272
1560063225861.53
1560063226547.719
1560063500094.7214
1560063503416.6675
1560063508455.0974
1560063513469.168
1560063518486.7654
1560063528454.7678
1560063531795.2197
1560063535121.0247
1560063538470.7517
1560063541795.2197
1560063545136.3828
1560063550176.2249
1560063555225.4465
1560063560248.333
1560063570209.363
1560063573541.6443
1560063576878.3154
1560063580232.1282
1560063583571.6616
1560063588609.4983
1560063593639.0386
1560063598676.4348
1560063608636.2866
1560063611958.3232
1560063615313.1753
1560063618638.2483
1560063621967.617
1560063625300.1135
1560063630315.037
1560063635361.314
1560063640404.5532
1560063650345.0796
1560063653695.5337
1560063657042.9294
1560063660392.4758
1560063663728.954
1560063668772.604
1560063673815.8784
1560063678847.4514
1560063688818.5781
1560063692159.3687
1560063695497.23
1560063698840.0146
1560063701504.267
1560063783914.4773
1560063812683.557
1560063816009.199
1560063819332.0925
1560063822665.3513
1560063827682.1519
1560063832716.5815
1560063837744.0808
1560063847715.5942
1560063851064.0745
1560063854391.8713
1560063857720.022
1560063861043.3867
1560063866059.0176
1560063871085.5608
1560063876133.2104
1560063886098.3064
1560063889447.9604
1560063892778.9758
1560063896117.4695
1560063899441.3848
1560063902764.7295
1560063907779.7993
1560063912819.1023
1560063917833.806
1560063927779.3875
1560063931128.6672
1560063934459.0347
1560063937789.085
1560063941142.922
1560063946167.642
1560063951195.2703
1560063956230.12
1560063966184.0984
1560063969532.9216
1560063972888.7183
1560063976212.0132
1560063979536.911
1560063982880.9448
1560063987915.8079
1560063992962.9377
1560063997995.7188
1560064007962.1047
1560064011298.0542
1560064117878.3657
1560064127821.341
1560064131147.2686
1560064134470.434
1560064137803.9578
1560064141128.0579
1560064146148.9136
1560064151182.0356
1560064156197.0232
1560064166164.3745
1560064169488.6853
1560064172813.8062
1560064176143.207
1560064179470.5747
1560064182801.3442
1560064187824.185
1560064192839.52
1560064197872.9624
1560064207839.6912
1560064211164.2195
1560064214517.6587
1560064217843.639
1560064221168.4543
1560064226197.1099
1560064231239.5022
1560064236256.2473
1560064246207.6426
1560064249550.2063
1560064252905.412
1560064256232.1235
1560064259582.766
1560064262912.27
1560064267936.153
1560064272954.788
1560064277981.5317
1560064287946.9844
1560064291271.451
1560064294599.405
1560064297929.2393
1560064301282.3455
1560064306317.3425
1560064311358.047
1560064316375.5764
1560064326319.7874
1560064329644.3384
1560064332972.3713
1560064336306.9736
1560064339651.173
1560064343002.8508
1560064348056.1104
1560064353102.8533
1560064358138.1267
1560064368083.4497
1560064371423.5698
1560064374753.6567
1560064378100.4731
1560064381445.3442
1560064386479.2817
1560065398751.7703
1560065402075.4468
1560065403846.7522
1560065405408.793
1560065407172.2688
1560065408781.0596
1560065409096.4565
1560065410517.5728
1560065411270.2107
1560065412138.3599
1560065412450.0083
1560065413854.6929
1560065414597.786
1560065415477.6924
1560065415806.1262
1560065417196.846
1560065417951.4478
1560065418836.1025
1560065419142.5146
1560065570007.5972
1560065573362.9333
1560065573797.5833
1560065576698.4116
1560065577123.8726
1560065580033.9324
1560065580450.696
1560065581038.5618
1560065582229.6104
1560065583014.3445
1560065583254.388
1560065583377.1555
1560065583437.0408
1560065583621.692
1560065583788.874
1560065583806.3416
1560065583955.5566
1560065584191.108
1560065584392.225
1560065584460.1038
1560065584610.3103
1560065585572.0168
1560065614045.5962
1560065620226.4
1560065623561.347
1560065628887.8381
1560065632232.369
1560065838093.7788
1560065841453.6453
1560065844778.329
1560065848106.2866
1560065853681.9321
1560065859402.9683
1560065862735.0986
1560067121005.012
1560067124331.0684
1560067129987.5164
1560067133316.4133
1560067141407.805
1560067144755.8953
1560067154697.6042
1560067158035.61
1560067161371.0989
1560067164696.9758
1560067168026.7117
1560068359531.547
1560068362874.4863
1560068366225.153
1560068369567.9731
1560068372894.77
1560068376219.52
1560068379565.9028
1560068382924.1465
1560068386249.734
1560068394486.0554
1560068397819.462
1560068401176.1626
1560068404517.0305
1560068407841.3083
1560069073267.719
1560069076616.5913
1560070440872.0872
1560070444200.529
1560070447526.751
1560070454059.525
1560070457403.1702
1560070460746.4727
1560070465792.2473
1560070470806.884
1560070592038.6648
1560070682864.0532
1560070686188.203
1560070689522.6487
1560070696960.1677
1560070789203.4346
1560070796066.4587
1560070799419.3164
1560070804458.3108
1560070809473.819
1560070814500.7563
1560070824450.6733
1560070827774.3628
1560070831136.755
1560070834483.9092
